// Generated from gauss_120.lut using:
// awk 'NR>1 {printf "%d, %d, %d, %d,\n",$1*255,$2*255,$3*255,$4*255}' gauss_120.lut

0, 21, 255, 255,
1, 22, 254, 255,
1, 22, 254, 255,
1, 23, 254, 255,
1, 24, 254, 255,
1, 24, 254, 255,
1, 25, 254, 255,
1, 26, 253, 255,
1, 27, 253, 255,
1, 27, 253, 255,
1, 28, 252, 255,
1, 29, 252, 255,
1, 30, 251, 255,
1, 31, 251, 255,
1, 31, 250, 255,
1, 32, 250, 255,
1, 33, 249, 255,
2, 34, 248, 255,
2, 35, 248, 255,
2, 36, 247, 255,
2, 37, 246, 255,
2, 38, 245, 255,
2, 39, 244, 255,
2, 40, 243, 255,
2, 41, 242, 255,
2, 42, 241, 255,
2, 43, 240, 255,
3, 44, 239, 255,
3, 45, 238, 255,
3, 46, 237, 255,
3, 47, 236, 255,
3, 48, 234, 255,
3, 50, 233, 255,
3, 51, 232, 255,
3, 52, 231, 255,
4, 53, 229, 255,
4, 54, 228, 255,
4, 56, 226, 255,
4, 57, 225, 255,
4, 58, 223, 255,
4, 60, 222, 255,
5, 61, 220, 255,
5, 62, 219, 255,
5, 64, 217, 255,
5, 65, 216, 255,
5, 67, 214, 255,
6, 68, 212, 255,
6, 70, 211, 255,
6, 71, 209, 255,
6, 73, 207, 255,
7, 74, 205, 255,
7, 76, 204, 255,
7, 77, 202, 255,
7, 79, 200, 255,
8, 80, 198, 255,
8, 82, 196, 255,
8, 83, 195, 255,
8, 85, 193, 255,
9, 87, 191, 255,
9, 88, 189, 255,
9, 90, 187, 255,
10, 92, 185, 255,
10, 94, 183, 255,
10, 95, 181, 255,
11, 97, 179, 255,
11, 99, 177, 255,
12, 101, 175, 255,
12, 103, 173, 255,
12, 104, 171, 255,
13, 106, 169, 255,
13, 108, 167, 255,
14, 110, 165, 255,
14, 112, 163, 255,
15, 114, 161, 255,
15, 116, 159, 255,
16, 117, 157, 255,
16, 119, 155, 255,
17, 121, 153, 255,
17, 123, 151, 255,
18, 125, 149, 255,
18, 127, 147, 255,
19, 129, 145, 255,
19, 131, 143, 255,
20, 133, 141, 255,
20, 135, 139, 255,
21, 137, 137, 255,
22, 139, 135, 255,
22, 141, 133, 255,
23, 143, 131, 255,
24, 145, 129, 255,
24, 147, 127, 255,
25, 149, 125, 255,
26, 151, 123, 255,
27, 153, 121, 255,
27, 155, 119, 255,
28, 157, 117, 255,
29, 159, 116, 255,
30, 161, 114, 255,
31, 163, 112, 255,
31, 165, 110, 255,
32, 167, 108, 255,
33, 169, 106, 255,
34, 171, 104, 255,
35, 173, 103, 255,
36, 175, 101, 255,
37, 177, 99, 255,
38, 179, 97, 255,
39, 181, 95, 255,
40, 183, 94, 255,
41, 185, 92, 255,
42, 187, 90, 255,
43, 189, 88, 255,
44, 191, 87, 255,
45, 193, 85, 255,
46, 195, 83, 255,
47, 196, 82, 255,
48, 198, 80, 255,
50, 200, 79, 255,
51, 202, 77, 255,
52, 204, 76, 255,
53, 205, 74, 255,
54, 207, 73, 255,
56, 209, 71, 255,
57, 211, 70, 255,
58, 212, 68, 255,
60, 214, 67, 255,
61, 216, 65, 255,
62, 217, 64, 255,
64, 219, 62, 255,
65, 220, 61, 255,
67, 222, 60, 255,
68, 223, 58, 255,
70, 225, 57, 255,
71, 226, 56, 255,
73, 228, 54, 255,
74, 229, 53, 255,
76, 231, 52, 255,
77, 232, 51, 255,
79, 233, 50, 255,
80, 234, 48, 255,
82, 236, 47, 255,
83, 237, 46, 255,
85, 238, 45, 255,
87, 239, 44, 255,
88, 240, 43, 255,
90, 241, 42, 255,
92, 242, 41, 255,
94, 243, 40, 255,
95, 244, 39, 255,
97, 245, 38, 255,
99, 246, 37, 255,
101, 247, 36, 255,
103, 248, 35, 255,
104, 248, 34, 255,
106, 249, 33, 255,
108, 250, 32, 255,
110, 250, 31, 255,
112, 251, 31, 255,
114, 251, 30, 255,
116, 252, 29, 255,
117, 252, 28, 255,
119, 253, 27, 255,
121, 253, 27, 255,
123, 253, 26, 255,
125, 254, 25, 255,
127, 254, 24, 255,
129, 254, 24, 255,
131, 254, 23, 255,
133, 254, 22, 255,
135, 254, 22, 255,
137, 255, 21, 255,
139, 254, 20, 255,
141, 254, 20, 255,
143, 254, 19, 255,
145, 254, 19, 255,
147, 254, 18, 255,
149, 254, 18, 255,
151, 253, 17, 255,
153, 253, 17, 255,
155, 253, 16, 255,
157, 252, 16, 255,
159, 252, 15, 255,
161, 251, 15, 255,
163, 251, 14, 255,
165, 250, 14, 255,
167, 250, 13, 255,
169, 249, 13, 255,
171, 248, 12, 255,
173, 248, 12, 255,
175, 247, 12, 255,
177, 246, 11, 255,
179, 245, 11, 255,
181, 244, 10, 255,
183, 243, 10, 255,
185, 242, 10, 255,
187, 241, 9, 255,
189, 240, 9, 255,
191, 239, 9, 255,
193, 238, 8, 255,
195, 237, 8, 255,
196, 236, 8, 255,
198, 234, 8, 255,
200, 233, 7, 255,
202, 232, 7, 255,
204, 231, 7, 255,
205, 229, 7, 255,
207, 228, 6, 255,
209, 226, 6, 255,
211, 225, 6, 255,
212, 223, 6, 255,
214, 222, 5, 255,
216, 220, 5, 255,
217, 219, 5, 255,
219, 217, 5, 255,
220, 216, 5, 255,
222, 214, 4, 255,
223, 212, 4, 255,
225, 211, 4, 255,
226, 209, 4, 255,
228, 207, 4, 255,
229, 205, 4, 255,
231, 204, 3, 255,
232, 202, 3, 255,
233, 200, 3, 255,
234, 198, 3, 255,
236, 196, 3, 255,
237, 195, 3, 255,
238, 193, 3, 255,
239, 191, 3, 255,
240, 189, 2, 255,
241, 187, 2, 255,
242, 185, 2, 255,
243, 183, 2, 255,
244, 181, 2, 255,
245, 179, 2, 255,
246, 177, 2, 255,
247, 175, 2, 255,
248, 173, 2, 255,
248, 171, 2, 255,
249, 169, 1, 255,
250, 167, 1, 255,
250, 165, 1, 255,
251, 163, 1, 255,
251, 161, 1, 255,
252, 159, 1, 255,
252, 157, 1, 255,
253, 155, 1, 255,
253, 153, 1, 255,
253, 151, 1, 255,
254, 149, 1, 255,
254, 147, 1, 255,
254, 145, 1, 255,
254, 143, 1, 255,
254, 141, 1, 255,
254, 139, 1, 255,
255, 137, 0, 255
